489
85
535
651
800
849
918
906
537
17
56
878
143
520
329
743
496
730
535
589
264
634
480
689
722
86
144
23
606
598
500
175
703
493
86
754
492
491
932
63
867
624
468
357
625
517
726
351
74
101
54
463
920
488
297
29
144
883
826
703
320
938
385
781
242
244
800
245
179
488
649
234
662
229
509
814
127
299
238
115
246
992
137
931
367
440
370
240
709
890
799
509
261
702
416
168
758
170
661
764
621
751
269
294
807
766
303
167
805
187
183
977
74
85
663
455
828
90
947
165
580
630
806
620
347
933
66
412
177
516
682
625
302
396
338
885
921
623
784
37
399
51
232
951
706
933
415
90
309
645
198
148
620
506
188
508
604
781
43
740
275
89
698
302
184
844
101
323
651
699
575
27
47
580
962
902
252
252
399
967
362
660
190
579
54
478
282
615
677
760
985
267
979
423
747
900
139
837
899
573
63
621
248
291
239
964
716
474
996
617
177
309
272
897
192
41
512
989
327
639
998
691
942
947
942
516
759
683
102
429
947
626
297
546
626
366
456
447
189
946
912
281
689
170
988
352
629
128
316
416
766
505
445
290
394
999
812
971
867
960
372
506
236
397
196
47
602
468
658
52
829
228
823
232
867
759
570
859
92
225
44
425
479
684
240
474
388
644
657
463
988
431
50
511
94
365
502
16
744
433
750
948
861
644
925
638
594
293
701
385
947
79
103
447
274
647
934
861
806
11
997
177
656
563
577
408
381
978
305
675
237
917
843
206
362
179
889
18
209
32
593
966
343
617
12
195
606
579
598
582
157
175
748
563
262
423
118
953
911
33
620
94
860
806
156
796
947
391
500
644
807
453
707
116
400
41
528
282
276
181
678
123
296
552
464
918
254
325
57
526
608
63
71
163
600
801
629
949
64
821
769
876
100
850
996
498
803
845
974
401
541
477
240
72
67
323
243
301
496
370
387
557
998
642
240
173
904
159
343
322
653
915
902
794
981
582
594
449
451
495
573
71
160
993
418
169
284
401
363
560
316
56
128
428
177
342
443
843
851
541
605
709
130
395
913
960
60
996
185
366
801
458
59
137
882
231
383
603
42
813
558
220
245
578
717
426
156
469
415
78
554
608
799
112
832
941
723
231
10
410
530
637
56
562
929
826
64
846
490
174
112
524
207
206
46
991
609
224
827
842
663
467
115
999
550
604
297
347
81
211
763
811
937
913
148
997
944
5
578
839
50
6
734
124
304
527
292
966
429
751
531
520
964
157
932
968
32
464
747
959
547
540
329
939
844
182
582
311
925
389
662
445
642
90
802
411
684
73
388
223
607
738
970
922
164
469
46
840
877
97
307
765
208
16
26
152
291
447
64
668
891
262
611
380
354
873
87
770
831
968
206
300
162
136
16
811
842
135
998
445
287
802
916
977
438
362
486
791
477
161
847
254
762
745
336
556
139
27
399
562
761
89
816
127
975
745
473
20
815
633
729
494
375
863
619
208
868
561
284
609
712
33
304
302
451
347
621
286
901
409
375
349
496
441
438
104
102
282
945
756
481
920
325
279
169
821
249
121
592
697
883
357
446
855
950
521
203
343
445
654
188
78
972
589
394
388
562
266
572
536
914
464
861
236
677
16
109
124
882
774
139
230
927
269
911
636
643
443
259
487
451
348
617
402
84
856
186
33
356
270
422
432
948
927
272
311
540
347
776
200
852
635
729
341
528
828
13
64
78
424
560
177
879
307
808
764
675
599
696
505
22
181
247
552
767
452
360
935
221
915
64
444
691
717
205
80
899
262
757
989
899
370
448
610
32
483
696
724
259
378
54
942
791
219
600
742
656
170
307
429
568
257
628
793
68
209
556
183
591
704
499
327
346
605
61
473
115
112
160
444
936
165
773
758
380
555
124
845
81
302
354
729
225
996
629
76
370
545
402
273
393
255
987
473
776
400
915
739
492
934
69
832
197
860
131
632
777
675
61
530
435
446
346
135
166
959
357
106
436
167
129
336
755
590
540
71
728
965
821
523
885
87
95
493
890
663
328
872
596
200
668
593
849
507
808
407
84
943
238
273
425
950
21
773
332
86
229
607
95
237
93
883
543
163
160
976
889
552
12
86
70
633
746
824
800
762
772
88
585
115
802
600
553
387
748
501
879
769
949
212
82
890
945
920
81
166
48
370
955
861
575
355
612
423
429
427
923
597
765
489
214
43
660
795
938
377
442
363
840
122
111
379
534
46
128
281
345
227
681
383
692
880
136
464
296
178
327
108
390
